1 1 1 1 1 1 0 1 0 0 1 0 1 1 1 1 1 1 1 1 1 1 0 1 1
0 0 1 1 1 1 0 1 1 1 1 1 1 1 1 1 1 0 1 1 1 1 1 0 0
0 2 1 1 1 1 1 0 0 1 0 1 1 1 1 1 1 0 1 0 1 0 1 0 3
0 0 1 1 1 1 1 0 4 1 0 1 1 1 1 1 1 1 0 0 1 1 0 5 0
1 1 0 1 1 1 1 1 0 1 1 0 1 1 1 1 1 1 0 6 0 1 1 1 1
0 1 1 1 1 1 0 0 0 1 1 0 1 1 1 1 1 1 1 1 1 0 0 0 1
1 1 1 1 1 0 7 1 0 1 0 0 1 1 1 1 1 1 0 1 1 1 1 1 1
0 0 0 1 0 8 1 1 1 0 9 1 0 1 1 1 1 1 0 1 1 1 1 1 1
0 10 1 0 11 1 1 1 1 1 0 1 1 1 1 1 1 0 12 0 0 1 0 0 1
0 0 1 1 1 1 1 1 1 0 13 0 1 1 1 1 0 0 0 14 1 1 1 1 1
1 1 1 0 1 0 1 0 1 1 1 1 1 0 1 1 1 0 0 0 1 1 0 1 1
0 1 1 1 1 0 1 1 0 0 1 0 0 15 0 1 0 16 0 0 1 1 1 1 0
0 1 0 1 1 1 1 0 0 17 0 0 18 0 19 1 1 0 0 20 1 0 1 0 21
22 1 1 1 1 1 0 0 23 1 1 1 1 0 1 1 0 24 0 1 0 25 1 1 0
1 1 1 1 1 0 26 1 1 0 0 0 1 0 0 0 0 0 27 1 0 1 1 0 28
0 1 1 1 0 29 1 0 0 0 30 1 1 0 31 1 1 1 1 1 1 1 1 1 1
1 1 1 1 1 0 0 0 32 1 0 1 1 1 1 1 1 1 1 1 1 1 1 1 1
1 1 1 0 1 0 33 1 1 1 0 1 1 1 1 0 1 0 1 1 1 1 0 1 0
1 0 1 1 1 1 1 1 0 1 0 1 1 0 1 1 1 1 0 1 1 0 34 1 1
1 1 0 1 1 1 1 1 1 1 0 0 1 1 1 1 0 1 1 0 0 35 1 1 1
1 1 1 1 1 1 0 1 1 1 1 1 1 1 1 1 0 1 1 1 0 1 0 1 1
1 1 1 1 0 1 1 1 1 1 1 0 1 1 1 1 0 1 1 1 0 1 0 1 1
1 0 1 0 36 1 1 1 0 1 1 1 0 1 0 0 0 1 1 0 0 1 1 1 1
0 37 1 1 1 1 1 1 1 1 1 0 38 1 0 39 1 1 0 40 0 0 1 1 0
1 1 1 1 0 1 0 1 1 1 1 1 0 1 1 1 1 1 1 1 1 1 1 1 1
